7 82
10 7
6 18
22 28
7 95
23 59
23 87
0 92
13 17
15 37
22 55
21 91
23 29
23 10
23 83
15 90
23 27
17 50
24 89
15 30
25 57
2 64
22 4
21 71
22 78
11 25
8 73
14 95
12 88
14 56
23 5
3 48
13 61
8 3
17 89
22 59
22 99
0 52
18 58
6 17
13 20
20 97
16 25
9 83
5 91
10 50
1 88
19 1
21 83
25 59
2 34
21 92
3 22
2 50
8 50
8 56
24 35
15 20
2 84
6 20
6 42
2 75
12 68
19 69
18 7
20 71
10 65
18 23
16 42
24 65
0 63
1 100
1 65
25 28
6 54
23 87
15 43
21 16
19 21
6 17
2 42
4 46
18 42
2 98
10 52
3 7
21 76
2 54
24 70
7 59
14 90
14 54
24 76
21 61
10 11
16 62
17 53
8 50
3 84
11 91
7 94
23 93
8 45
21 33
16 21
11 53
0 81
4 38
17 66
23 17
6 70
6 28
15 29
13 72
13 15
25 7
20 28
8 41
6 29
0 88
23 70
4 50
15 88
0 96
6 33
25 65
8 89
2 58
12 43
18 92
5 14
22 44
25 88
3 80
10 13
21 92
25 32
15 90
24 33
19 69
13 88
12 49
12 23
6 14
25 30
10 10
24 93
13 36
23 93
10 95
2 59
15 88
10 41
8 34
4 96
12 90
10 73
14 84
17 68
19 61
14 14
20 44
15 8
7 94
9 44
14 71
14 10
8 24
19 34
19 53
2 33
24 37
21 39
21 8
25 89
3 44
20 55
3 72
15 80
0 2
5 8
9 28
12 28
2 82
11 93
1 8
18 56
14 50
10 7
9 51
22 3
5 35
0 2
1 21
6 84
18 87
6 40
7 16
6 83
24 94
5 53
23 46
10 77
21 83
24 95
0 4
15 65
12 61
7 42
7 95
5 98
21 16
19 28
18 92
17 32
3 19
11 90
17 78
9 52
22 80
14 72
8 28
11 54
9 61
8 25
7 34
19 84
20 53
23 70
21 30
13 4
9 86
24 44
5 40
3 33
12 18
12 58
19 4
15 85
10 39
15 17
20 72
9 15
20 11
23 18
4 46
23 22
18 48
22 98
18 36
11 25
6 70
22 65
20 8
10 69
11 20
18 79
20 71
7 77
4 62
16 67
10 36
18 14
12 48
11 26
11 96
23 32
23 31
12 33
8 95
17 44
21 15
12 63
6 63
25 79
20 13
5 12
20 30
24 27
25 61
19 33
19 67
8 9
22 57
6 18
5 30
23 28
10 90
25 49
8 80
2 15
16 43
15 67
0 14
14 41
3 88
21 65
16 42
24 29
6 57
20 10
4 44
18 53
2 77
25 96
22 43
15 67
2 92
9 42
6 95
25 57
23 97
19 27
0 74
6 22
4 37
13 57
19 81
1 72
19 88
13 69
3 6
25 17
23 63
11 64
24 12
11 34
9 92
5 6
10 95
4 69
20 31
25 11
8 84
19 53
12 8
24 18
10 8
5 80
0 43
5 91
0 89
17 67
17 96
12 59
2 26
10 70
20 16
13 65
14 89
0 65
13 7
3 35
24 39
13 93
7 79
6 14
25 26
6 8
14 62
15 48
6 81
8 10
17 90
2 53
7 49
17 14
1 30
13 21
14 26
22 84
9 37
10 36
16 12
8 78
8 99
7 42
11 21
7 4
9 84
11 66
24 23
22 40
0 97
5 53
9 5
2 26
10 78
9 15
23 13
3 72
21 42
11 51
14 4
16 22
16 46
22 28
14 64
7 66
4 86
8 99
20 31
5 62
6 100
16 19
23 59
3 68
22 38
18 26
23 14
20 76
10 85
21 95
17 4
22 84
13 24
19 87
22 11
21 86
1 26
16 64
13 5
2 25
6 15
6 55
8 49
14 59
18 53
14 36
25 30
7 82
9 28
8 90
20 88
6 71
8 5
0 43
24 21
13 41
3 92
9 44
23 82
17 97
19 40
14 29
7 33
9 71
17 52
0 48
17 23
17 50
20 39
22 95
12 85
0 63
24 69
2 64
3 62
0 96
12 64
2 18
19 23
25 38
9 25
5 82
14 83
23 16
1 84
20 29
21 7
1 3
8 70
23 42
15 100
7 67
7 18
6 34
20 45
8 7
21 64
16 57
0 8
8 1
15 37
10 7
3 6
4 8
16 12
11 2
11 10
19 79
17 14
19 37
24 54
17 69
7 63
19 62
0 71
12 8
10 70
8 22
24 60
14 28
17 77
4 96
6 76
24 2
8 88
10 82
18 81
10 48
5 83
0 62
22 17
7 71
5 90
8 84
2 18
23 24
1 92
15 35
13 85
8 8
16 70
9 41
13 22
13 37
2 35
1 16
7 24
20 51
23 43
17 39
7 85
11 41
1 31
0 21
25 19
1 21
23 15
20 7
24 16
20 97
12 88
21 37
14 22
6 5
12 36
24 24
8 16
10 11
23 72
8 84
3 98
13 12
2 14
3 79
22 94
7 10
11 96
6 63
2 33
10 80
24 19
11 36
6 22
22 53
22 86
5 92
20 43
3 80
5 31
8 91
21 59
20 52
3 40
12 18
15 49
20 6
10 22
14 53
8 8
18 75
13 30
2 66
1 2
1 44
14 21
8 53
11 75
18 34
13 85
0 9
25 19
18 4
12 100
13 14
24 58
13 64
3 68
3 92
18 75
13 82
10 49
18 81
5 98
21 22
12 96
9 52
25 93
4 97
2 94
21 60
3 78
6 4
16 76
22 44
23 42
25 22
19 75
6 95
6 58
9 75
10 42
21 41
5 84
23 23
15 71
3 66
8 24
2 43
14 2
16 59
11 40
7 27
2 39
25 18
10 16
25 28
22 27
11 53
17 82
4 33
21 4
12 7
25 93
16 85
6 73
13 88
22 47
13 83
21 57
3 73
5 48
20 50
6 38
15 73
17 22
20 7
16 21
25 46
6 83
19 34
15 74
22 94
15 98
19 19
23 85
21 88
1 93
18 50
2 80
5 78
21 57
18 100
2 49
16 8
4 55
0 14
8 39
15 40
15 14
15 81
24 64
18 96
9 89
21 33
10 27
10 48
18 32
9 55
9 76
25 31
20 80
0 14
17 27
17 60
4 87
10 41
6 90
4 52
5 77
6 45
13 89
20 10
0 43
0 38
16 1
25 84
18 24
20 26
3 27
25 15
20 9
17 57
6 29
4 72
10 61
5 76
18 98
5 27
14 58
13 76
14 96
21 48
10 41
21 99
18 46
20 60
21 69
1 61
24 58
20 85
23 93
8 43
3 89
2 32
2 5
21 45
2 20
14 69
17 99
7 64
19 13
1 57
21 90
12 64
24 10
11 83
16 95
14 96
8 57
0 43
0 89
4 91
16 84
11 25
25 29
14 74
21 66
0 69
6 28
2 20
20 43
1 75
20 69
15 64
0 35
5 85
19 86
22 20
15 22
10 61
0 42
4 21
13 45
11 53
11 87
15 57
16 28
16 60
19 58
7 54
12 89
5 60
10 33
8 32
25 32
8 9
2 73
24 51
13 72
19 67
13 89
23 26
7 12
13 2
5 44
1 16
25 23
19 77
17 12
5 53
12 75
14 64
11 5
17 20
19 24
20 34
9 24
6 59
24 48
3 48
24 50
25 83
11 56
22 70
21 76
7 1
18 80
17 52
18 13
13 68
13 23
23 48
13 12
1 90
17 7
11 97
7 74
4 35
6 14
2 12
22 85
20 5
5 14
14 92
24 12
16 21
22 17
19 8
20 46
11 54
23 8
22 32
16 31
9 83
25 25
22 9
8 78
25 4
24 40
11 60
4 28
3 77
8 90
18 20
17 49
16 60
6 35
1 34
14 15
18 22
21 56
4 53
4 16
3 62
22 83
7 82
1 88
10 45
10 47
20 40
6 34
16 28
8 27
8 41
17 66
21 86
9 50
25 80
13 72
6 96
8 12
20 11
0 2
5 47
20 49
13 5
17 54
23 47
16 3
13 25
15 74
20 45
10 89
4 83
20 3
24 16
2 33
22 36
4 94
8 25
5 11
3 72
0 35
21 62
3 14
22 56
10 99
3 35
11 31
6 52
23 82
6 92
8 97
4 59
25 2
18 26
4 81
23 84
24 59
2 94
10 15
13 92
8 87
10 92
1 79
5 98
21 51
2 83
10 52
5 83
17 29
0 53
10 55
22 42
23 12
25 76
0 47
4 16
18 33
17 70
6 40
19 75
11 22
22 92
5 45
16 27
4 98
7 21
1 50
2 11
0 84
20 42
22 26
3 27
22 78
9 60
11 16
1 95
22 82
5 29
16 23
15 92
15 18
24 1
7 7
16 2
6 24
9 43
15 94
9 33
12 40
16 92
24 85
16 58
22 92
12 26
3 39
18 39
13 76
4 22
3 64
3 36
4 10
15 28
11 45
9 42
25 16
20 23
1 57
7 95
11 81
12 43
6 74
13 67
2 76
24 51
22 41
20 35
15 59
1 71
16 54
21 13
3 43
11 42
6 65
0 88
7 88
25 81
19 15
17 54
5 41
22 28
2 73
13 46
3 55
0 15
17 19
10 18
21 32
5 62
2 37
14 13
4 74
3 96
10 34
6 87
5 96
8 78
13 67
7 53
15 42
2 91
18 100
4 93
4 80
9 97
18 57
20 3
11 35
5 52
5 45
21 100
12 90
5 5
19 100
15 49
23 75
11 30
1 62
23 91
25 94
5 13
14 71
9 86
25 7
24 22
14 99
0 62
19 30
3 43
18 12
13 99
20 30
16 14
24 61
7 81
5 75
7 51
8 92
20 28
14 48
7 14
8 64
4 92
1 86
9 86
16 20
6 93
10 48
25 16
9 80
7 88
15 99
24 45
19 95
11 1
14 15
1 81
2 5
11 68
12 9
13 3
16 73
19 32
18 40
16 90
23 8
14 55
23 62
0 34
24 34
2 12
15 98
1 18
13 34
3 29
5 17
22 58
14 44
3 21
25 92
7 30
20 22
25 56
3 99
13 100
22 72
0 50
1 66
5 55
3 28
21 21
10 31
25 30
7 79
16 30
20 93
24 44
18 48
0 4
22 76
10 18
17 71
25 53
24 10
8 66
25 30
10 68
17 81
23 13
17 100
3 15
7 93
14 96
19 32
12 74
25 33
23 40
1 24
18 23
4 60
15 64
8 53
19 66
17 98
25 55
25 15
2 98
16 4
22 35
5 44
5 42
2 85
8 93
13 48
10 87
6 42
13 7
23 58
0 3
17 41
7 1
16 79
16 10
1 67
10 45
8 86
16 74
14 21
4 25
23 37
10 52
13 35
19 84
24 93
23 31
13 42
24 29
8 4
21 39
21 2
9 58
5 87
23 96
6 31
4 30
3 89
16 69
13 61
24 59
10 52
10 60
9 55
9 75
15 77
14 28
15 20
1 92
11 75
25 71
4 83
12 85
19 33
7 36
0 74
9 80
24 23
3 56
13 48
22 11
24 99
13 70
12 43
18 92
14 34
24 11
9 72
18 45
4 24
19 2
12 56
7 45
22 50
2 54
3 3
9 69
2 53
6 86
22 61
12 96
10 69
12 68
6 94
24 75
23 56
4 25
13 71
6 21
12 69
8 25
12 25
25 38
2 47
4 42
13 92
9 10
14 25
9 20
16 77
9 56
0 32
7 30
12 86
1 92
16 39
16 100
5 26
10 52
13 53
16 30
12 61
17 79
13 44
20 79
7 73
5 12
5 7
14 20
23 51
5 10
18 43
0 13
22 51
6 98
17 37
22 51
3 25
7 19
22 72
1 64
22 39
1 6
20 8
4 63
4 93
11 62
24 44
14 14
14 30
7 43
13 20
11 45
4 89
1 41
1 58
12 63
6 98
9 42
15 20
1 91
8 4
11 10
6 84
1 71
10 88
0 93
23 96
10 65
1 83
22 47
20 23
6 91
16 24
3 12
21 84
12 37
23 86
0 69
9 52
17 58
13 35
4 16
3 41
11 43
19 58
24 50
17 65
5 31
1 21
12 24
3 95
22 62
14 1
16 83
20 7
16 21
22 53
6 16
21 20
24 100
12 37
22 77
4 92
2 68
1 9
25 9
14 42
24 87
20 95
22 21
23 29
0 2
10 26
16 94
5 35
4 57
17 29
7 1
11 7
6 11
6 46
19 79
22 35
14 43
14 4
23 1
1 52
13 16
1 43
11 40
10 34
22 20
9 43
22 88
13 67
0 96
14 20
8 99
5 4
10 9
24 75
25 45
7 81
9 20
25 16
3 30
11 68
18 52
9 85
17 43
21 81
20 6
18 97
7 19
23 26
24 47
16 7
22 34
4 87
24 92
6 65
15 11
21 52
4 52
11 64
12 58
25 10
10 36
20 6
18 1
23 34
7 94
24 26
4 68
15 100
2 6
8 25
0 53
17 2
21 98
6 91
15 44
8 98
3 52
2 52
21 55
2 72
12 26
24 100
7 91
14 43
7 1
5 94
11 1
19 61
14 10
6 97
5 19
10 76
25 71
24 47
3 21
14 14
2 96
10 72
20 59
7 94
10 81
16 71
7 69
14 13
23 68
22 64
6 34
20 68
22 19
0 86
7 17
16 34
0 30
25 9
17 58
19 76
8 33
7 50
25 69
3 20
6 45
2 27
19 16
4 24
0 44
3 26
12 10
23 51
2 8
3 57
2 78
17 89
19 17
17 20
22 92
4 67
3 100
14 70
17 66
20 79
21 47
11 45
6 60
18 29
7 70
4 70
22 52
23 49
8 32
4 45
2 37
15 58
21 90
11 48
9 16
3 93
25 51
4 18
22 64
12 6
20 48
8 11
20 25
9 60
24 72
7 43
17 75
10 65
13 84
6 5
0 95
20 6
24 83
25 7
16 11
22 90
8 85
6 100
7 76
11 86
9 78
19 65
15 70
21 73
14 36
23 36
11 58
6 48
1 49
13 16
10 17
21 50
21 88
7 79
22 8
24 87
18 96
19 10
0 55
9 89
19 69
7 5
5 11
21 89
21 39
17 40
11 79
14 74
24 11
24 66
3 98
25 35
0 3
7 6
14 61
8 11
9 58
3 70
24 20
15 29
12 37
5 100
18 27
24 52
20 40
3 86
2 78
25 44
21 12
24 92
3 12
25 27
7 91
19 11
23 20
20 38
7 4
5 62
22 35
6 15
18 17
16 76
9 29
25 21
24 36
14 79
24 13
19 43
22 81
2 7
9 12
24 51
9 16
23 11
21 98
15 48
8 17
1 14
25 66
7 64
18 48
6 32
21 75
24 74
16 7
17 35
23 91
18 83
22 53
4 11
5 21
23 37
17 95
17 15
5 45
0 93
17 2
18 7
17 37
13 98
12 94
2 23
3 35
14 15
7 55
16 2
24 68
6 92
19 50
19 30
25 57
9 27
7 99
12 35
10 28
22 69
20 77
4 91
3 8
22 21
1 45
8 94
10 76
1 15
13 73
8 1
13 62
6 88
8 1
13 54
7 42
16 48
13 64
14 56
2 59
12 8
15 61
10 50
13 22
16 34
17 92
9 43
24 74
17 6
12 96
8 64
10 93
6 65
18 95
4 18
20 49
24 42
20 89
2 77
3 53
7 97
16 37
15 7
19 36
19 87
0 35
1 72
18 62
15 27
13 54
22 39
22 28
1 18
21 92
8 87
24 45
9 48
19 74
24 9
14 88
19 6
21 75
11 39
11 41
13 41
14 64
15 80
1 76
9 48
23 88
21 85
8 12
12 76
1 32
13 16
9 69
0 75
4 55
2 9
1 83
0 1
11 39
9 33
16 72
9 9
24 42
9 70
3 42
2 80
22 32
3 48
18 41
10 35
18 78
9 20
2 24
14 66
10 63
8 83
0 65
16 61
23 14
3 20
25 36
2 9
24 51
10 76
1 79
13 63
4 35
19 35
9 36
15 7
24 5
15 69
25 7
19 77
21 70
23 77
10 53
13 50
7 73
8 66
21 83
9 19
3 88
18 76
0 48
9 13
19 99
19 11
7 88
4 87
14 18
16 97
15 6
14 26
18 3
18 2
25 5
20 32
24 71
15 55
7 64
24 72
4 58
15 41
5 15
16 100
13 86
19 17
12 53
7 44
0 59
4 60
18 96
24 95
19 74
4 96
5 63
14 2
3 95
0 34
5 46
18 23
6 94
9 50
17 67
8 100
8 68
11 45
22 57
11 75
14 18
1 91
1 85
2 24
10 46
13 14
9 45
9 9
13 50
20 40
13 9
0 55
0 24
21 92
23 39
14 99
10 96
22 55
13 25
20 20
3 98
1 1
25 3
14 34
0 10
8 78
15 42
13 7
19 13
6 69
16 47
5 80
22 21
10 42
6 11
19 12
5 36
18 87
15 75
21 16
15 28
24 62
0 88
6 32
17 79
22 86
15 45
10 31
23 100
23 29
2 49
23 8
5 93
25 61
9 40
15 36
19 46
16 62
21 99
12 49
23 54
20 64
20 11
24 59
17 19
16 75
14 38
20 11
0 99
10 21
11 29
8 37
1 34
4 9
3 61
10 70
5 13
1 88
21 15
23 64
18 37
1 19
1 40
17 40
13 57
1 81
4 57
8 37
4 62
3 33
18 92
20 75
6 32
2 65
9 97
16 79
15 7
17 89
0 80
23 48
6 74
7 7
13 95
19 99
13 85
8 44
4 39
1 53
22 23
13 33
13 2
23 68
15 24
16 57
11 93
24 35
25 30
2 43
13 99
8 87
0 90
24 3
12 35
18 12
11 63
0 7
24 23
17 35
10 24
5 36
21 2
24 50
11 41
13 58
23 62
6 25
1 75
15 85
17 4
2 40
19 44
23 22
20 29
8 17
24 62
11 40
24 66
22 93
21 5
19 7
20 81
17 7
22 30
22 64
16 27
24 50
1 65
4 81
10 1
8 52
6 20
3 45
25 4
15 21
6 66
7 86
9 17
15 15
14 86
11 83
25 9
11 17
19 20
12 67
18 80
11 92
18 41
4 83
3 53
10 83
13 47
14 83
10 92
1 74
13 41
22 42
18 21
5 11
25 21
19 37
5 51
10 74
24 83
9 11
16 36
12 89
7 17
17 3
1 15
20 100
14 51
10 86
9 56
9 90
24 66
2 89
11 66
23 88
20 26
14 8
13 21
16 100
20 8
2 40
13 97
9 87
15 93
4 82
6 95
2 57
21 13
23 3
12 20
24 97
14 41
23 47
0 22
12 32
25 83
13 79
18 10
24 53
22 42
18 48
14 55
8 82
15 74
15 58
23 38
15 93
15 25
25 94
13 15
7 62
14 16
25 4
21 3
0 89
3 32
20 48
5 47
10 75
24 58
23 90
19 21
23 24
9 64
1 59
1 78
19 96
7 42
4 38
14 86
25 53
10 33
23 80
18 31
9 14
5 12
4 45
21 63
19 78
23 56
15 23
21 60
10 40
15 48
3 88
2 20
7 3
17 30
15 92
11 21
23 52
12 15
6 44
6 31
19 84
11 43
20 51
20 60
15 49
25 60
2 5
14 90
20 13
14 83
10 66
25 89
7 53
16 100
8 10
23 31
6 48
4 40
0 98
2 8
3 89
3 8
16 64
17 91
20 78
5 62
15 4
20 25
21 49
20 71
24 85
17 37
10 4
7 25
1 56
14 10
17 89
21 86
3 14
4 65
1 1
9 96
25 81
10 93
16 48
11 49
4 3
8 28
0 81
9 68
25 23
11 89
19 42
8 47
11 79
10 53
11 25
7 89
6 33
11 38
18 49
4 26
13 11
16 83
19 39
10 8
21 83
21 97
0 33
22 58
10 96
12 85
4 34
15 17
18 90
14 86
0 66
13 23
8 70
20 73
24 50
1 24
14 13
25 56
0 72
2 86
8 92
20 63
11 13
16 75
18 38
9 71
9 24
17 21
5 37
19 2
6 64
21 58
13 87
25 39
10 86
24 88
13 88
20 36
18 26
3 64
18 99
25 84
5 44
23 21
9 76
18 96
11 47
7 73
12 20
5 47
23 44
19 20
23 63
16 44
22 13
24 12
14 97
13 19
19 90
17 3
4 12
10 62
3 76
9 5
25 27
18 100
0 58
0 43
14 40
9 53
5 57
6 25
17 66
22 53
13 73
13 64
6 91
2 95
0 31
4 30
7 48
12 3
19 17
12 92
4 28
20 46
17 53
21 56
5 23
18 96
10 39
24 71
19 37
25 21
17 92
3 52
20 75
19 3
18 84
3 15
2 73
14 5
11 83
2 68
18 86
25 6
12 46
17 89
6 46
4 96
2 58
16 70
0 70
12 68
8 36
20 85
0 72
10 34
13 54
9 18
0 8
3 49
10 88
12 97
18 35
6 37
12 27
23 6
23 23
7 17
17 50
21 12
13 18
22 50
17 34
9 27
21 65
13 36
16 9
14 67
1 48
20 6
14 27
17 87
0 14
12 60
7 90
24 13
6 79
5 72
19 53
24 78
4 71
5 2
12 100
8 49
21 11
24 65
0 22
14 69
12 73
23 36
23 23
22 55
2 83
20 1
12 5
19 71
15 56
22 42
5 3
19 56
1 52
19 86
11 91
13 64
21 17
16 39
2 56
11 98
0 75
3 76
20 61
23 47
7 72
3 12
3 34
20 99
2 42
6 41
4 77
15 87
2 55
4 6
25 14
15 24
15 11
11 59
5 72
4 21
23 36
8 6
12 53
25 90
8 90
16 33
6 31
4 24
25 17
11 45
21 65
7 53
10 6
17 87
21 11
6 31
17 98
8 4
21 60
25 4
23 69
2 28
23 33
17 47
1 68
16 67
6 77
7 11
15 82
23 74
19 66
24 38
25 66
1 2
25 98
18 26
13 56
25 79
25 41
13 36
21 10
10 65
1 25
6 35
2 15
18 73
22 86
15 33
20 26
2 68
13 77
6 21
0 67
5 100
18 65
25 38
25 66
17 24
8 1
22 43
10 95
7 67
2 1
23 55
20 8
16 17
4 14
21 4
13 95
8 27
24 52
21 38
18 1
20 1
9 91
3 38
13 94
5 64
11 43
22 65
1 36
18 84
3 19
1 96
25 95
22 100
21 19
25 6
16 75
3 44
12 46
5 59
19 39
17 20
18 73
2 38
21 98
8 96
1 36
13 48
6 13
10 41
15 37
14 12
12 53
21 20
23 44
2 7
9 79
4 44
0 91
17 12
10 55
13 96
12 60
9 14
25 100
23 89
24 59
18 94
18 13
4 87
12 66
11 4
17 80
9 42
6 43
15 79
2 89
13 3
21 29
12 38
9 42
16 40
18 34
25 100
24 54
14 92
12 87
4 41
16 98
22 77
16 5
11 48
24 49
14 55
12 91
14 67
0 90
18 93
21 28
9 85
20 48
4 15
18 4
13 69
11 80
15 70
2 47
23 8
5 78
14 22
6 1
25 98
18 59
10 62
23 9
21 86
21 20
14 60
13 81
16 59
9 64
2 18
2 75
11 24
19 27
10 89
15 69
25 10
5 96
22 48
3 25
13 58
9 99
25 95
0 25
1 34
14 27
10 26
23 19
6 68
24 78
6 34
15 78
17 37
24 50
22 20
17 4
15 24
11 77
5 14
11 95
1 44
23 58
24 84
22 78
12 74
15 32
2 77
10 96
2 87
11 7
15 60
1 33
23 82
23 35
0 66
9 24
20 21
8 33
15 22
23 34
4 80
11 91
10 11
21 63
25 56
4 85
21 63
0 37
10 4
10 52
20 96
23 77
5 19
19 32
23 67
5 48
4 16
6 78
16 55
15 15
6 92
4 48
0 35
6 80
6 30
11 59
9 47
18 31
3 89
20 31
18 42
0 11
19 19
23 92
13 9
17 11
25 49
6 70
9 48
22 99
24 54
4 70
5 67
25 2
3 36
13 35
24 51
18 31
24 87
4 74
25 28
22 14
21 28
3 90
23 55
20 10
0 10
1 97
17 24
10 78
5 61
25 9
21 97
16 15
19 79
24 84
24 7
21 49
11 18
21 55
2 85
10 11
24 87
7 55
25 75
5 76
2 47
22 85
23 44
22 25
13 6
21 65
1 68
21 91
18 13
22 27
23 78
24 75
12 82
12 95
11 27
20 34
12 84
21 28
22 28
1 90
13 9
22 40
23 36
2 21
15 7
13 34
14 56
13 72
24 60
6 45
6 18
6 46
25 95
7 32
12 53
10 79
0 73
5 70
13 22
22 43
18 74
0 73
13 4
17 60
0 59
3 52
17 88
12 69
13 42
23 48
25 21
19 53
13 37
11 80
5 20
14 25
12 5
11 3
16 32
19 66
9 12
10 30
17 66
17 93
5 87
16 5
16 1
5 44
5 18
7 66
2 93
24 20
21 18
17 88
21 96
13 85
11 51
17 9
1 30
17 79
1 98
16 39
25 41
14 93
9 15
11 98
6 23
17 55
10 18
15 27
20 83
21 88
18 42
10 93
7 2
6 96
20 30
9 20
0 59
17 13
25 99
3 72
21 67
3 49
6 30
2 24
11 70
25 1
20 45
3 88
6 46
9 59
3 22
8 50
23 31
4 29
2 75
21 68
20 89
15 79
7 7
6 97
14 35
5 11
11 6
20 77
6 75
13 27
10 62
8 82
23 60
15 29
9 20
23 77
18 99
5 94
23 10
18 13
14 50
16 69
9 82
23 12
2 88
9 2
18 96
4 29
7 3
6 72
0 37
24 37
2 40
19 49
16 4
9 20
12 93
13 29
3 91
22 70
17 93
7 20
1 53
4 1
19 76
4 88
15 39
18 61
10 58
0 26
24 16
22 33
25 41
15 72
3 45
18 9
8 31
2 7
19 49
9 32
24 65
23 33
18 43
13 96
25 3
2 99
11 49
10 51
4 37
15 92
2 87
9 45
0 53
7 98
25 20
15 75
20 3
3 46
21 93
14 7
19 16
4 4
24 46
11 38
1 29
18 10
20 14
8 16
5 94
8 39
21 26
1 31
2 60
4 56
7 70
5 63
14 59
15 11
16 1
17 9
11 37
8 97
18 26
18 64
10 87
11 64
19 28
10 70
21 99
7 34
2 9
7 78
11 68
7 87
18 97
24 94
14 36
7 8
2 31
8 18
2 92
10 57
25 80
16 51
21 43
17 6
15 67
2 29
2 28
21 70
20 68
5 93
18 51
19 50
5 28
4 28
12 9
25 49
13 26
6 3
22 1
14 93
23 14
8 62
13 74
24 61
24 29
14 54
16 12
8 16
0 13
3 36
1 27
2 19
3 79
1 89
16 75
15 64
17 83
6 88
16 81
7 25
4 42
5 65
16 74
17 16
14 10
24 68
21 8
7 87
21 66
4 29
6 81
4 83
20 4
21 29
10 8
5 18
20 93
2 30
7 56
13 85
15 46
1 85
1 45
13 80
1 47
20 77
16 54
1 41
17 78
8 11
9 71
3 53
3 75
3 50
8 24
5 97
12 81
14 15
3 82
3 91
14 46
21 38
18 93
7 32
15 45
14 22
14 12
0 23
19 25
16 51
5 10
6 31
2 98
6 24
2 56
10 85
10 16
4 76
2 52
12 36
1 39
9 95
24 79
24 17
23 80
6 79
13 41
1 60
4 91
18 42
4 28
15 69
5 41
23 57
6 8
7 38
7 28
4 39
13 52
7 53
22 38
11 68
21 2
6 49
0 9
9 73
6 17
9 51
9 85
5 88
10 82
4 20
25 58
1 9
6 20
21 33
8 20
3 16
5 72
14 22
13 26
13 74
18 58
12 77
12 41
12 66
3 7
4 48
25 13
19 64
20 50
2 18
25 28
21 61
0 39
6 75
3 72
24 79
25 12
7 78
23 57
24 40
16 2
21 77
6 70
19 9
14 11
8 56
9 7
24 40
3 38
5 23
22 74
16 96
7 92
15 20
16 3
16 44
12 35
0 45
3 70
23 88
13 97
12 73
16 57
21 22
8 33
20 34
25 73
10 73
23 77
9 83
5 38
9 97
24 98
11 94
4 13
9 21
24 85
23 83
14 42
6 55
15 57
15 100
22 6
24 96
18 93
10 95
15 55
13 49
18 52
25 48
4 77
17 76
11 32
20 44
21 57
25 32
24 1
9 39
5 12
3 51
1 6
24 75
5 86
19 6
0 77
24 84
12 65
7 33
19 59
2 53
10 46
5 72
24 34
1 87
21 41
17 30
5 83
21 10
18 64
21 13
2 63
17 73
14 75
22 96
1 15
8 44
9 11
2 74
15 48
4 46
16 39
12 51
2 12
2 75
12 19
9 66
1 78
10 76
25 40
12 28
2 53
13 66
23 29
25 9
5 17
15 79
25 44
2 37
9 70
2 38
16 44
11 11
8 54
19 88
7 56
22 23
12 66
9 69
17 61
14 76
19 61
20 62
7 84
10 77
16 16
7 42
10 50
8 34
23 9
15 99
11 61
9 13
8 98
20 95
17 73
24 7
22 11
13 17
22 1
25 72
3 36
0 26
15 93
13 97
8 6
24 68
15 68
24 55
10 4
16 67
18 11
5 32
15 85
25 22
23 86
14 46
16 89
13 18
25 95
8 70
9 37
17 87
25 68
21 54
17 5
3 64
17 21
11 61
9 25
17 76
24 91
21 25
4 43
25 58
15 28
18 54
5 90
16 27
21 74
14 94
1 87
12 76
3 14
19 15
4 37
7 8
21 46
12 19
3 89
23 86
14 45
15 91
13 64
25 49
0 35
25 78
18 4
8 85
22 96
9 35
14 88
8 35
5 55
19 39
5 78
16 76
4 92
17 58
21 65
0 22
17 11
22 96
20 78
10 4
10 20
17 77
12 90
4 22
18 75
13 57
23 19
19 72
25 79
9 90
12 8
9 100
25 94
5 86
23 48
3 65
17 36
4 99
2 57
25 88
25 58
20 83
21 49
23 56
21 3
17 52
16 69
21 63
16 96
1 8
0 89
12 50
16 97
21 67
6 32
1 46
2 88
13 57
14 1
15 50
5 6
18 48
25 49
4 51
16 22
8 22
8 37
9 19
10 17
7 74
21 1
17 32
16 57
14 83
21 69
8 53
18 44
13 94
7 38
6 98
7 7
0 55
22 79
10 78
24 19
25 65
14 93
15 77
24 97
22 93
0 63
17 63
17 56
5 91
9 41
1 84
6 46
11 36
17 88
12 65
15 91
17 3
0 22
11 14
21 88
3 58
14 10
24 78
4 21
20 9
6 10
21 27
11 74
5 76
25 28
0 49
19 43
19 37
25 21
3 100
14 98
4 91
19 55
9 94
20 93
16 82
17 65
4 98
20 71
8 53
7 86
19 1
23 59
13 93
17 49
11 88
1 97
7 98
8 72
9 15
5 66
25 9
0 37
6 95
13 93
16 23
18 100
7 99
10 80
18 80
23 88
17 96
14 86
0 23
2 74
11 51
24 93
23 83
11 48
24 13
14 84
22 79
11 3
1 67
18 56
7 49
25 90
11 90
8 14
14 79
6 52
3 69
13 2
18 18
7 19
14 42
4 2
13 68
20 20
2 11
4 8
12 87
5 11
10 37
1 36
25 92
16 66
24 12
1 13
13 32
14 66
7 9
1 56
16 93
3 77
21 79
4 20
9 70
9 7
16 28
18 5
18 63
2 25
3 82
6 32
3 9
16 23
24 15
8 76
24 45
24 64
2 99
14 75
19 19
2 77
4 9
5 50
11 100
24 62
5 80
21 62
17 54
6 41
3 12
0 77
7 97
5 24
12 97
4 73
8 32
14 74
7 52
17 87
12 80
17 54
6 70
14 85
10 43
16 65
24 41
14 74
0 84
1 21
15 4
2 69
21 35
3 56
25 85
19 9
22 73
12 98
20 63
6 84
0 73
21 88
2 47
5 39
5 81
21 45
10 81
9 64
0 75
8 65
14 66
23 15
1 45
0 17
18 7
13 57
18 85
1 66
24 99
25 55
20 34
10 28
18 33
9 28
10 46
21 13
2 50
3 30
22 34
23 64
25 20
16 77
7 57
1 71
6 46
25 9
18 54
18 72
2 79
24 16
23 32
16 8
10 54
10 41
19 15
6 27
24 6
23 89
23 80
16 97
15 80
11 44
13 21
1 25
14 91
18 7
8 4
3 83
22 31
25 52
25 7
11 5
22 99
23 2
20 10
25 82
3 90
16 55
0 91
15 27
10 92
13 40
10 3
21 47
0 22
13 63
19 1
10 62
25 10
10 10
1 16
6 14
3 59
20 74
18 61
5 69
15 82
9 51
19 2
15 73
5 56
15 57
23 67
2 88
7 95
9 95
23 73
10 86
18 31
24 60
8 48
24 62
2 55
24 57
9 27
3 24
9 86
14 52
23 50
18 10
5 85
3 85
12 83
6 40
17 24
23 83
13 22
6 95
22 99
2 13
17 22
10 28
13 32
23 86
15 72
17 24
21 75
7 8
13 52
5 82
13 86
4 95
18 13
11 89
2 62
21 16
3 52
12 19
4 44
18 97
0 85
21 76
2 48
8 71
9 59
13 51
23 21
15 75
8 13
10 86
12 4
21 57
4 52
20 73
10 82
15 45
11 57
22 67
20 49
9 90
19 70
11 60
15 58
21 10
12 9
5 4
5 42
5 18
14 34
22 5
22 89
6 93
3 59
4 35
13 69
5 10
6 94
3 75
10 25
1 64
4 10
4 31
23 71
20 12
23 13
12 11
3 49
25 94
19 64
25 10
11 46
0 52
25 70
24 88
10 38
17 69
17 9
8 63
16 57
7 100
12 88
20 71
2 20
21 71
14 94
3 38
4 30
10 73
20 10
4 44
11 59
22 71
4 89
14 66
19 43
17 66
21 51
10 4
15 48
17 22
24 18
3 64
4 39
9 19
1 44
19 50
6 66
11 44
9 29
9 59
10 21
22 100
17 94
0 65
1 1
1 98
5 94
24 1
3 4
25 84
5 98
19 66
4 19
2 47
19 40
5 22
6 23
5 2
1 5
1 5
20 53
6 23
0 46
2 57
2 46
12 19
14 18
13 30
18 64
7 47
3 39
11 66
15 91
24 93
25 50
25 26
3 79
22 37
10 81
24 46
6 35
2 29
21 79
8 92
22 49
18 44
8 82
13 40
20 67
25 74
18 76
7 95
6 42
14 74
20 55
10 72
2 33
5 74
22 27
21 13
8 41
20 65
11 24
5 82
1 98
17 11
4 22
12 50
23 69
22 57
12 81
21 40
5 99
16 31
3 82
11 11
22 8
23 83
15 18
0 10
12 19
20 83
18 48
5 6
14 31
17 83
1 20
2 6
17 39
14 43
12 51
19 95
11 84
15 49
11 36
25 46
18 82
0 36
9 75
25 31
25 95
9 48
16 62
21 100
5 48
1 27
23 92
4 22
25 42
13 21
0 23
3 81
19 18
24 22
2 40
18 43
11 15
24 14
8 72
10 53
1 31
3 16
13 18
18 1
24 86
20 96
2 92
17 44
24 47
4 34
16 84
19 86
9 8
11 79
5 99
14 8
12 55
5 80
25 90
25 48
10 89
5 51
15 49
7 25
9 25
14 6
22 65
21 55
1 34
9 56
2 35
15 15
23 8
8 70
2 11
5 54
4 59
23 68
13 57
0 11
24 49
16 74
15 34
11 64
2 71
23 20
20 57
25 26
19 48
23 11
21 27
16 81
3 72
11 62
3 9
2 25
1 81
21 18
23 33
12 78
13 7
17 29
10 91
25 95
20 94
17 59
5 51
22 72
23 34
25 30
7 12
1 36
2 22
5 5
19 86
12 92
23 29
1 89
2 55
10 11
4 81
7 60
10 5
24 98
5 81
9 59
9 25
12 34
10 53
22 94
12 48
4 68
23 20
4 1
23 69
12 6
18 79
9 99
7 78
0 85
21 25
5 38
2 13
21 82
7 97
5 66
16 68
9 66
24 47
8 88
7 19
7 5
2 61
22 32
7 18
19 71
21 78
6 19
24 83
8 70
22 19
19 49
22 5
12 30
19 39
5 100
16 90
13 74
7 30
22 36
5 1
18 86
22 47
13 17
9 13
23 82
20 11
6 29
21 35
18 11
21 97
23 90
25 56
19 18
1 58
9 48
23 100
23 14
19 34
23 75
6 19
17 54
15 62
16 21
13 63
6 60
19 18
3 21
15 71
24 45
17 60
8 84
13 96
8 96
14 89
16 63
14 87
3 7
25 24
19 59
7 36
9 46
9 17
24 48
19 76
2 82
4 87
7 40
24 79
2 44
2 99
18 68
14 85
6 68
1 54
20 32
20 15
18 21
0 45
25 31
6 55
15 35
17 92
19 94
7 86
12 54
18 31
16 64
24 12
18 23
2 15
25 27
19 41
21 25
15 35
25 45
23 97
4 23
15 25
7 57
5 93
24 52
13 44
4 8
16 35
10 83
4 48
6 38
9 15
14 21
24 8
4 46
6 56
15 91
7 61
23 67
3 10
0 36
4 2
6 91
18 42
6 90
20 16
8 44
19 6
19 8
25 16
17 1
23 50
23 24
12 77
16 93
15 99
5 98
10 36
11 13
25 34
8 32
3 27
5 86
0 25
3 94
8 29
7 62
23 97
17 14
25 38
20 10
24 56
4 29
16 90
19 9
15 4
19 1
25 73
8 100
0 49
7 41
19 88
19 70
8 74
4 23
13 54
3 81
13 28
12 18
16 9
0 80
22 59
2 18
15 72
12 76
10 68
24 57
25 50
9 58
16 22
21 80
1 62
17 74
25 57
16 83
16 34
4 95
16 53
2 12
20 76
23 18
7 77
6 72
5 87
15 75
12 57
14 78
20 98
5 12
16 20
11 70
9 94
13 66
16 95
5 54
19 47
14 70
3 37
5 4
23 46
3 40
14 1
11 33
5 36
0 63
10 76
3 21
11 74
12 99
22 99
12 10
21 83
22 74
15 90
0 66
1 55
4 75
14 21
18 25
15 17
4 52
2 32
11 94
18 61
24 83
21 65
13 32
24 87
3 26
13 80
2 6
13 24
17 80
15 40
10 15
16 74
10 83
11 69
16 25
2 12
15 26
9 17
3 78
20 19
7 89
2 8
8 87
4 27
0 66
17 65
5 65
12 33
15 68
7 2
7 9
10 1
10 25
25 43
10 52
4 37
10 56
8 67
18 66
5 23
11 16
4 66
3 86
23 43
8 80
3 47
18 34
9 48
12 6
14 31
3 8
18 17
18 43
16 54
6 6
14 55
14 74
5 5
23 48
20 49
13 51
16 13
17 82
1 98
16 29
14 64
17 76
21 18
3 83
7 34
15 88
13 7
1 72
4 33
23 19
18 65
17 31
13 34
24 45
15 33
21 84
10 13
17 80
17 39
24 55
7 87
0 1
4 4
21 34
8 84
25 27
21 16
10 89
6 2
11 32
15 61
15 44
3 50
12 45
13 60
24 35
18 70
15 74
1 92
23 73
23 42
7 91
24 88
19 43
10 2
17 82
25 90
19 80
22 56
1 12
24 96
7 46
12 37
25 38
12 43
3 66
0 81
21 39
22 18
18 1
12 7
21 18
5 74
19 34
4 99
9 88
5 15
20 84
6 20
5 45
25 75
14 50
20 1
16 41
24 48
14 34
19 44
9 90
21 62
20 57
19 34
16 4
19 18
11 21
14 16
1 47
11 41
24 37
6 24
25 20
2 90
1 71
18 64
21 81
5 33
1 51
15 82
3 40
14 55
2 83
14 93
14 50
11 37
9 28
8 29
21 42
11 24
17 14
8 34
7 94
25 24
24 84
16 72
14 70
25 9
1 13
12 29
15 71
4 36
22 25
10 37
15 6
8 53
8 15
10 25
10 15
20 34
11 30
1 74
0 29
0 17
12 73
24 55
24 80
21 47
4 73
2 4
21 93
2 38
19 61
9 79
18 8
16 34
5 68
21 8
22 96
1 25
6 82
16 95
12 11
12 38
24 56
0 73
25 58
7 46
9 59
24 38
22 39
6 34
15 27
5 35
17 83
19 48
22 31
15 43
23 55
25 66
6 21
22 37
0 44
23 24
18 78
0 51
14 61
1 50
24 51
2 74
1 16
10 97
25 31
4 45
19 26
14 65
0 44
25 56
8 9
23 13
16 66
6 66
25 34
15 24
10 92
17 78
19 71
18 2
23 23
21 54
25 84
21 20
7 7
2 94
23 57
1 50
4 50
19 6
14 13
25 44
15 81
8 27
11 52
8 76
0 79
9 65
2 12
17 100
25 30
22 66
22 83
0 64
15 80
4 38
23 96
4 61
2 89
0 32
14 50
7 50
16 94
20 32
12 19
13 79
0 13
15 37
12 53
24 6
9 46
17 4
14 64
5 90
0 29
2 13
17 38
0 89
2 57
14 99
22 18
4 14
7 99
25 77
20 17
0 67
2 44
19 92
24 48
0 44
4 91
16 13
2 37
18 42
6 76
23 76
19 50
25 86
11 77
22 70
24 84
8 20
25 82
13 49
10 33
7 90
10 11
13 89
15 76
18 6
10 63
22 85
8 60
13 79
24 43
21 56
19 1
19 66
5 100
25 22
23 98
23 8
11 11
12 69
17 61
6 29
3 9
0 9
5 91
5 86
25 42
12 37
6 27
25 50
16 17
16 75
0 87
9 68
20 23
15 28
11 14
24 88
0 20
22 52
2 8
19 25
18 30
7 86
16 46
2 37
17 88
1 8
10 33
17 22
0 80
8 30
18 4
6 13
14 100
6 20
5 100
2 29
19 97
5 65
22 64
2 43
21 32
18 83
15 78
11 69
3 8
12 27
0 56
20 14
16 94
7 40
7 3
25 73
1 13
24 85
2 100
1 12
22 37
10 2
3 36
8 13
5 18
17 20
10 33
4 59
18 2
19 36
6 37
2 47
17 77
17 56
13 76
7 88
15 34
21 3
22 75
0 4
10 23
6 66
25 90
24 80
1 18
25 32
21 19
1 38
7 48
23 10
12 25
24 52
2 68
17 12
1 96
24 66
7 65
4 37
15 79
18 100
22 86
22 92
12 73
17 77
8 67
4 51
5 58
23 83
20 94
1 23
20 12
21 83
9 8
21 21
8 27
14 28
19 58
12 91
12 89
24 70
17 1
19 24
3 63
12 65
8 54
0 94
15 83
6 32
7 72
13 72
24 50
20 3
13 91
7 95
20 65
2 80
6 8
24 58
6 46
8 42
25 40
23 55
5 50
2 63
12 9
23 48
20 38
5 34
5 20
21 16
20 14
1 37
25 93
4 83
4 51
13 34
16 46
10 86
15 57
3 96
22 31
2 3
17 97
24 93
2 82
2 52
13 30
8 32
16 100
8 65
10 1
14 49
19 2
22 60
11 78
4 19
20 89
14 1
15 72
24 80
11 77
13 6
19 56
20 45
13 13
16 88
17 47
21 94
2 29
17 62
18 83
10 76
0 41
18 94
20 83
2 99
4 83
25 51
1 67
5 17
11 29
21 86
12 52
22 39
7 2
21 34
19 30
4 89
5 37
8 97
22 32
14 94
16 1
19 55
11 95
15 2
12 57
19 61
13 52
25 60
16 71
3 61
11 78
10 43
7 97
17 97
18 54
19 76
4 37
5 96
11 35
10 89
22 25
3 37
17 67
12 67
16 16
7 67
7 54
25 23
17 77
3 81
12 1
23 37
5 86
14 64
12 36
18 99
6 26
7 40
14 66
0 56
5 4
18 89
4 90
3 15
9 28
15 77
2 19
18 80
12 95
6 77
2 96
2 14
1 8
9 67
9 9
13 49
21 25
15 93
0 31
2 1
21 40
19 81
8 17
13 48
23 12
14 90
5 9
24 5
14 55
6 77
11 40
8 99
2 91
20 89
21 55
13 93
19 51
12 84
16 80
12 71
2 3
16 65
17 99
17 84
19 63
10 42
20 60
13 13
17 16
15 27
22 52
7 49
17 57
8 89
6 28
24 9
8 7
3 68
10 73
5 43
6 6
4 69
20 49
24 97
21 55
25 71
1 57
7 21
2 51
23 75
11 17
23 4
6 95
25 95
20 85
8 78
6 26
16 42
17 47
1 68
13 88
7 88
10 99
18 71
12 98
20 50
21 44
13 38
15 55
2 100
1 53
7 26
8 71
14 3
24 12
3 49
19 62
21 94
23 8
0 64
19 24
10 52
20 21
20 2
23 22
4 38
4 100
5 38
14 11
18 100
16 96
16 12
0 76
21 15
6 9
11 56
11 37
16 19
25 54
0 57
16 69
17 64
4 9
10 14
13 78
22 23
0 67
4 70
6 27
3 52
24 29
13 86
6 66
3 70
21 18
14 14
0 79
8 18
13 53
8 55
3 10
8 73
23 3
22 56
7 15
12 15
24 66
18 84
0 68
9 4
15 75
16 56
13 20
0 48
5 32
2 70
14 92
0 87
16 97
9 41
25 84
12 21
7 34
4 23
13 46
12 84
22 15
12 12
7 20
20 54
5 44
8 38
24 95
17 88
6 96
3 35
24 80
11 37
2 31
10 58
21 79
23 57
0 77
5 98
4 98
6 28
19 67
10 51
2 98
19 13
20 26
19 89
9 22
10 97
15 59
15 26
1 84
2 70
19 2
19 73
14 46
18 64
8 64
14 82
6 15
23 15
0 7
9 75
16 77
21 6
0 6
0 8
9 18
15 98
3 71
7 18
3 58
9 32
21 44
24 61
6 49
13 84
2 11
6 47
18 92
6 80
23 68
21 42
14 12
3 76
23 74
18 18
1 29
17 30
24 12
13 75
23 52
19 76
4 58
8 7
23 27
8 50
15 95
1 82
1 82
17 66
21 30
10 34
24 61
10 78
6 39
23 28
0 60
1 63
13 89
11 15
17 29
12 77
14 10
16 36
16 28
12 28
17 40
14 81
0 91
3 82
19 96
9 32
17 43
9 37
0 64
5 70
15 64
21 44
17 63
22 40
0 9
2 12
24 74
16 69
16 84
7 98
19 27
5 12
11 44
3 75
12 41
12 94
23 94
11 49
10 74
25 22
23 73
15 91
12 29
7 97
6 87
8 4
18 32
23 43
0 43
7 98
19 41
20 39
22 2
22 54
8 33
9 18
17 88
16 98
5 46
21 75
9 30
1 76
12 30
1 39
2 72
3 2
13 57
23 78
2 78
24 82
25 92
1 58
2 30
11 94
1 9
23 44
20 17
21 46
19 95
9 51
10 66
20 67
8 79
2 2
7 52
7 6
1 86
17 40
8 35
23 36
18 65
8 64
25 15
17 78
7 94
25 69
21 26
20 97
7 53
15 79
7 7
14 73
14 4
19 26
16 65
20 40
15 46
6 56
8 76
5 34
23 92
5 95
23 45
23 7
14 40
18 33
4 24
17 75
13 78
11 18
19 92
25 36
17 73
12 16
14 16
17 93
18 53
1 52
21 7
0 70
23 14
20 97
19 62
2 32
25 93
4 59
13 96
4 45
3 99
9 36
12 90
1 16
5 81
17 57
18 83
12 35
15 100
17 17
22 65
22 41
6 13
4 45
1 43
22 51
11 74
18 65
12 46
22 70
14 6
3 78
13 25
24 40
8 65
15 70
0 27
2 95
12 45
21 27
2 35
14 38
0 27
2 30
22 35
5 60
7 54
13 26
20 56
11 77
21 87
19 84
18 80
15 64
25 23
7 3
8 40
11 91
15 67
22 35
6 60
1 63
19 81
18 51
13 95
17 17
17 88
21 86
4 78
9 62
6 86
17 40
21 14
12 75
8 89
17 55
16 47
22 64
13 2
13 78
11 50
24 21
0 31
15 7
5 81
25 3
13 17
14 21
17 100
20 91
23 20
13 9
12 73
17 55
0 72
4 100
24 29
19 72
5 83
18 21
10 10
13 29
25 57
24 68
0 54
11 67
24 35
19 56
21 32
5 35
11 28
13 2
24 27
19 99
5 16
25 61
13 42
23 79
24 37
11 38
23 30
23 46
18 2
0 75
3 76
20 44
1 73
12 92
24 28
6 15
4 75
8 97
10 47
1 40
6 17
23 84
6 97
18 73
25 50
6 3
20 47
16 98
11 58
9 6
4 86
21 71
25 60
18 87
7 11
18 11
20 42
23 54
0 93
12 37
6 85
8 65
21 35
25 24
19 61
3 58
13 19
10 41
4 70
6 11
22 51
10 90
19 64
10 21
25 12
11 26
11 91
20 18
9 100
15 11
12 66
25 7
21 90
20 53
11 40
7 76
24 1
18 35
21 78
23 91
16 28
9 2
13 87
0 55
23 43
12 36
20 6
12 98
23 33
21 40
5 33
13 8
24 93
8 65
13 6
0 4
7 24
19 70
8 41
3 63
20 29
8 70
9 76
24 29
24 95
17 26
20 74
16 3
6 64
20 36
17 22
10 61
16 7
21 83
10 18
23 3
0 43
2 46
24 12
14 2
0 2
4 30
5 78
6 32
25 62
7 88
8 80
7 99
13 10
20 49
16 48
15 12
0 54
21 100
12 14
1 58
0 91
11 11
12 13
9 99
0 12
24 44
2 81
18 37
10 1
13 59
2 11
18 12
11 36
4 33
21 88
25 31
17 38
17 87
19 56
5 46
23 67
0 87
7 92
21 46
6 79
0 83
1 19
12 14
6 91
19 72
21 53
4 90
17 31
23 11
6 65
13 3
22 30
20 30
10 75
19 93
6 72
7 48
4 66
3 53
21 33
18 86
19 51
20 84
25 21
7 38
3 74
9 56
3 54
22 8
8 56
3 3
9 30
1 86
20 74
2 29
22 66
25 20
2 22
15 96
11 37
12 74
10 62
14 68
23 68
8 35
19 41
11 100
10 83
22 61
19 100
11 71
4 87
25 49
22 60
22 11
21 5
16 55
3 11
1 68
17 53
21 63
6 94
6 48
5 8
6 3
10 11
0 89
16 52
3 20
16 19
4 82
4 98
17 97
4 61
11 88
13 37
3 21
6 69
10 11
23 47
16 6
22 27
23 49
22 59
13 63
2 53
10 84
20 17
13 34
5 80
22 99
22 95
25 19
5 49
14 21
17 1
18 55
19 31
18 18
15 5
7 33
17 52
6 14
19 59
6 59
0 26
18 85
15 71
17 11
6 30
16 47
3 13
3 54
9 43
24 50
25 36
24 42
24 14
6 20
14 30
2 77
16 14
7 1
22 88
3 78
10 47
15 63
23 36
18 44
19 17
8 34
7 79
18 51
14 93
25 82
2 6
21 27
17 24
14 31
5 48
4 2
7 59
13 80
0 24
10 93
18 7
3 68
3 50
20 29
22 36
13 59
21 1
4 30
7 19
25 90
0 30
9 69
12 51
2 93
22 89
8 21
18 52
16 5
13 3
22 87
25 74
14 59
10 22
3 81
17 83
6 33
18 69
15 49
18 63
17 30
20 77
10 65
11 3
3 68
21 19
4 39
13 61
1 40
8 21
4 74
4 31
15 69
5 45
16 40
17 54
14 42
6 44
2 26
23 83
22 52
0 34
4 58
23 64
7 1
6 64
16 77
17 44
20 76
22 43
16 37
1 82
9 38
2 68
6 22
6 82
3 54
2 39
23 95
19 28
11 3
20 9
14 32
9 83
3 37
14 70
21 57
17 30
23 99
13 56
2 32
8 78
21 42
1 58
18 3
0 60
25 100
9 33
24 28
7 7
20 82
3 40
3 82
8 5
6 62
8 5
25 54
19 85
12 35
12 22
9 3
7 12
25 67
16 38
23 96
6 67
12 79
12 52
3 54
15 38
2 55
25 81
6 65
0 31
5 72
4 32
19 30
19 6
2 97
23 50
15 9
11 11
12 79
9 85
23 42
4 61
17 71
8 94
15 34
15 12
2 31
12 35
4 88
13 18
7 65
18 82
15 54
21 66
19 74
0 95
13 27
20 34
3 99
24 99
10 97
9 76
25 88
16 40
24 70
8 46
0 35
4 98
11 18
6 81
5 32
2 54
25 12
4 66
24 81
16 6
5 73
0 23
2 46
6 86
15 97
17 77
10 58
14 40
0 78
15 30
19 69
24 97
17 94
11 76
15 76
14 19
13 68
2 82
5 44
1 67
25 6
1 87
11 95
17 8
19 32
14 66
3 11
23 93
17 7
22 51
9 29
7 68
22 1
17 17
12 76
7 61
7 63
17 20
25 21
23 43
22 65
22 98
15 77
4 16
3 78
10 88
7 57
19 5
22 69
24 23
16 65
0 44
0 23
6 7
2 79
15 58
23 40
10 39
19 12
0 33
1 75
11 56
13 97
20 51
12 2
8 89
21 45
1 2
0 23
17 28
11 76
6 91
1 12
4 31
15 91
13 42
22 32
22 79
17 44
14 10
21 51
7 24
17 70
9 20
21 34
11 61
4 70
17 62
22 40
24 75
4 92
4 63
4 1
13 8
9 20
19 13
15 47
11 79
3 34
9 92
0 96
14 60
11 36
20 38
10 16
5 100
25 3
25 81
9 3
24 40
17 5
25 54
5 66
21 64
20 73
25 83
9 78
2 73
15 15
24 67
13 75
8 77
13 43
2 62
12 21
24 41
7 96
13 70
14 85
7 48
3 57
14 54
1 29
12 91
21 29
3 43
16 8
3 21
18 97
8 86
1 73
21 59
23 36
5 13
19 36
4 97
21 56
15 57
4 3
5 60
17 53
17 17
22 26
9 82
19 51
7 34
0 2
18 84
6 65
20 22
16 40
19 87
24 7
17 43
4 61
9 58
2 58
24 94
19 53
2 33
10 44
20 2
13 48
17 62
22 26
22 76
17 11
7 75
13 77
18 10
24 23
2 92
14 46
7 5
24 81
23 51
25 39
6 42
25 65
13 74
11 35
9 23
5 4
13 48
22 41
8 92
2 64
0 89
22 66
17 54
21 43
7 71
19 98
10 62
8 75
1 62
9 52
11 34
19 97
3 89
20 86
14 98
20 74
15 49
10 31
23 99
21 71
19 19
24 13
5 45
9 34
0 71
1 82
25 78
13 87
23 23
20 40
16 60
23 32
8 11
24 9
19 60
10 42
3 95
12 84
0 65
8 39
3 60
25 71
11 74
5 65
15 24
7 24
17 99
25 20
20 82
0 70
1 30
5 99
3 92
15 31
14 6
4 7
18 12
10 71
7 83
15 87
10 42
11 49
12 28
12 10
13 29
2 48
21 71
7 67
11 97
11 93
17 78
6 44
12 1
2 18
11 16
7 93
13 27
2 18
24 13
11 21
0 22
6 70
15 37
9 51
0 94
24 7
2 30
25 93
23 63
21 7
21 91
0 18
11 67
21 61
14 1
12 100
23 81
25 29
18 68
17 13
6 39
18 21
12 72
12 5
19 15
8 47
17 85
7 24
13 41
19 47
2 90
7 33
9 20
10 61
24 99
12 45
1 44
21 64
10 57
2 88
10 37
18 56
18 27
13 58
12 42
14 51
5 8
12 96
20 6
21 1
4 58
13 43
5 63
1 48
2 74
12 98
25 95
11 74
15 43
19 56
3 10
20 16
21 50
17 37
8 17
1 28
22 19
13 31
18 80
3 57
25 89
12 74
24 66
16 88
17 63
21 79
5 56
18 53
13 70
19 7
5 46
19 96
12 31
8 94
18 92
4 76
18 71
9 91
25 83
25 99
1 19
5 64
2 95
5 76
11 94
21 9
4 21
20 84
6 44
17 53
6 35
4 72
13 38
25 22
3 90
17 94
0 28
14 31
18 3
15 61
23 51
17 53
3 2
10 77
2 45
19 32
11 39
3 22
20 20
15 76
8 61
16 78
2 51
0 67
15 83
22 86
0 90
24 49
25 74
5 22
6 23
15 9
3 92
7 52
10 30
15 51
1 87
13 77
10 80
20 31
9 5
25 37
9 100
16 37
18 50
25 33
23 38
13 64
0 46
9 60
21 13
25 80
13 79
11 76
9 87
23 100
16 57
8 8
16 22
24 10
20 56
10 67
3 13
4 89
20 23
4 33
15 98
25 49
10 89
21 14
16 5
13 47
17 50
18 71
11 16
19 97
0 92
5 29
20 9
13 3
4 32
17 46
21 12
23 65
20 8
9 86
7 74
4 37
23 21
16 19
19 89
16 99
16 83
10 25
14 11
7 47
19 29
10 43
1 85
1 48
0 55
25 63
15 75
13 27
15 89
15 33
17 36
4 3
2 25
19 30
17 22
12 15
12 49
15 30
6 71
17 90
6 38
13 5
9 35
22 75
11 21
23 76
5 53
9 78
17 32
19 30
3 47
24 30
19 24
7 77
22 68
24 32
9 86
24 21
16 72
17 90
4 18
5 97
11 59
24 71
15 12
0 47
8 80
3 34
9 51
6 98
2 47
24 35
24 25
7 16
5 81
15 72
16 8
17 96
16 13
12 28
17 45
17 57
17 61
11 67
2 1
11 22
18 10
5 29
11 53
12 15
22 73
24 42
16 28
22 38
14 74
5 56
1 81
19 62
15 10
14 15
19 60
10 64
4 20
21 83
21 59
22 82
4 27
17 18
6 29
1 58
12 47
24 59
2 72
23 41
17 45
22 96
18 22
15 18
22 42
0 47
19 50
25 89
21 93
4 27
18 6
0 11
9 81
24 72
24 59
5 96
12 29
6 40
20 84
2 98
14 48
8 56
2 86
20 40
11 29
4 28
4 72
6 35
22 40
5 18
23 71
21 6
6 49
0 61
17 67
7 67
1 83
3 14
18 9
15 71
1 100
14 54
17 85
18 26
0 93
15 70
19 61
15 54
13 79
24 62
25 94
20 99
8 74
11 36
8 28
22 62
5 37
10 33
13 53
1 28
3 14
0 6
9 16
7 3
4 61
15 1
1 60
11 71
18 72
22 77
3 73
15 40
18 33
19 5
8 56
15 66
3 98
10 87
10 18
11 72
14 81
25 36
23 100
21 38
6 2
9 75
13 82
4 38
7 91
6 86
0 52
23 42
17 76
6 90
15 87
22 62
6 17
5 48
15 68
10 80
14 76
2 80
3 42
11 10
7 11
10 52
6 21
2 92
19 40
4 81
21 24
25 34
0 64
4 60
15 29
3 82
4 65
25 2
15 12
18 28
25 76
22 23
20 85
16 60
16 68
7 70
3 7
15 69
17 14
8 18
17 52
21 57
6 45
12 40
18 84
12 69
6 1
19 90
25 24
25 8
22 29
11 40
13 98
6 77
22 68
22 32
11 61
11 76
16 60
0 29
0 81
9 78
9 76
3 89
18 37
13 6
1 46
4 98
8 82
4 3
1 73
5 84
7 75
20 71
11 35
17 60
11 55
1 57
8 61
21 79
21 19
16 56
22 79
12 88
7 99
11 7
3 16
24 6
11 76
5 88
5 53
6 93
0 42
0 93
19 14
5 51
9 61
5 44
23 96
13 55
4 20
23 88
4 76
16 34
12 31
25 93
9 48
24 30
10 74
24 29
4 46
21 82
7 31
17 82
10 85
2 25
23 19
12 73
25 62
25 24
12 50
14 7
8 59
23 9
23 19
22 49
7 8
11 40
23 98
21 85
19 76
2 14
14 35
16 68
23 17
4 8
24 91
8 73
0 44
16 42
23 12
2 42
2 39
10 87
22 76
18 65
15 48
23 3
23 18
3 41
25 71
18 18
23 62
15 4
16 70
25 36
17 91
6 77
19 7
3 78
20 30
11 89
13 87
5 29
12 79
25 88
0 24
17 26
12 58
11 68
24 27
8 67
22 4
2 56
5 73
13 92
12 46
9 36
2 67
5 55
16 20
6 75
25 6
9 59
11 15
3 63
18 66
10 59
8 69
12 82
19 62
8 32
22 10
5 87
21 15
12 50
1 54
12 47
18 15
24 50
7 91
3 42
14 73
9 56
14 32
9 96
8 60
6 27
15 21
12 68
12 60
16 61
3 33
10 55
16 87
22 96
17 6
11 96
20 51
25 89
3 19
15 36
14 86
8 89
2 77
11 5
6 94
17 72
24 54
17 56
22 4
5 42
16 45
19 27
18 25
21 59
20 25
10 6
19 68
1 78
18 84
1 21
5 68
4 88
6 40
19 12
9 97
16 32
1 18
7 40
10 61
5 78
6 41
10 13
2 93
21 93
6 33
9 49
4 97
23 4
22 74
0 39
5 40
9 18
19 50
8 20
25 57
8 94
3 12
22 89
13 69
5 95
10 77
4 87
18 11
14 72
0 73
13 51
17 41
20 17
18 84
25 46
3 36
12 79
21 68
25 1
21 60
13 98
22 67
0 71
2 65
24 61
10 75
9 60
12 9
9 85
12 46
23 40
20 61
5 69
20 70
18 78
17 59
6 29
8 66
0 99
10 67
15 27
20 65
15 73
24 82
19 67
4 94
15 77
10 23
13 63
1 93
24 29
14 70
15 86
22 2
8 69
14 65
1 49
21 49
17 27
14 93
10 88
12 41
16 85
1 20
9 81
10 1
24 87
10 16
7 72
8 97
12 50
15 77
4 90
1 92
1 37
17 58
14 86
19 23
20 52
15 13
13 12
2 99
17 77
2 62
7 41
15 42
19 33
22 20
14 99
20 34
21 44
0 62
17 8
0 90
12 29
22 36
4 21
15 52
15 70
7 52
0 97
2 45
15 29
5 45
22 99
5 48
6 50
8 21
2 87
1 7
18 22
11 80
11 39
11 61
21 54
19 8
13 94
19 59
0 77
19 2
24 40
10 11
19 2
18 83
15 3
10 63
21 79
13 95
22 28
13 90
1 67
10 31
12 88
1 23
3 63
21 96
15 95
8 47
14 63
11 55
19 91
21 97
18 41
3 1
6 25
17 22
19 51
6 52
22 77
3 86
7 34
23 22
19 54
15 22
17 29
15 89
0 87
17 6
19 33
10 2
2 79
17 59
3 60
12 19
19 11
5 56
18 92
17 76
0 18
15 21
6 46
13 56
3 18
24 13
0 59
20 81
24 7
18 41
13 84
6 86
14 47
21 39
22 96
14 84
16 100
7 79
18 77
2 31
10 71
1 2
19 66
21 37
16 51
6 39
2 17
21 86
9 16
8 70
6 24
14 13
7 14
2 21
19 80
15 48
1 54
13 5
17 66
15 46
12 13
2 1
7 29
13 74
25 25
25 9
1 85
12 83
20 52
8 33
13 8
25 99
18 93
0 3
13 45
5 86
9 10
15 21
4 8
7 97
21 35
25 45
24 15
18 28
1 2
0 53
2 26
20 39
21 3
20 60
16 50
14 99
22 94
8 21
4 100
8 85
5 61
8 91
13 52
17 90
13 60
4 50
18 71
15 96
8 74
8 5
16 42
17 63
18 63
5 61
8 31
2 32
16 15
10 54
4 44
7 27
1 75
7 13
23 90
24 62
22 43
24 6
20 24
5 94
4 87
7 83
2 90
5 30
21 79
7 12
14 80
15 8
8 56
11 20
0 26
2 96
12 75
14 17
25 47
23 43
1 33
22 61
12 63
20 39
17 39
7 74
8 84
16 57
13 3
2 41
10 13
18 3
22 51
9 76
3 35
13 95
15 33
3 61
13 17
14 69
13 81
0 30
3 15
6 66
9 83
3 68
9 73
21 8
4 68
23 100
14 100
4 87
8 9
19 31
18 66
21 17
4 55
8 2
11 47
2 44
4 70
5 88
15 24
4 72
0 40
6 52
19 69
16 61
17 14
5 41
10 3
7 99
0 68
6 16
14 89
13 60
24 12
3 53
16 53
20 55
18 59
16 5
4 81
16 88
13 97
17 98
22 68
1 85
7 57
20 33
3 51
22 42
4 29
5 51
10 94
13 91
7 42
7 5
5 32
5 17
24 50
25 7
7 73
14 55
10 35
23 34
12 63
11 66
14 61
14 14
17 77
5 37
5 42
5 100
16 97
5 3
24 29
4 94
17 73
20 76
3 10
14 83
23 77
24 59
9 39
8 97
18 66
16 53
16 91
12 23
15 3
23 100
1 37
20 39
0 90
14 19
0 24
19 30
18 99
3 40
4 76
23 36
9 97
8 29
1 79
6 2
2 20
24 32
21 26
4 15
5 74
1 61
9 34
14 46
21 54
18 59
12 79
5 76
19 31
3 21
11 32
22 28
11 48
3 43
16 25
8 40
15 2
1 50
15 40
0 14
5 10
0 89
10 79
25 71
19 56
5 100
2 58
9 3
6 34
4 41
17 21
19 70
4 4
22 28
16 34
6 56
7 4
1 82
11 15
5 85
15 1
19 22
15 84
8 10
22 99
22 64
4 86
11 29
10 16
16 87
9 30
5 13
8 80
6 45
13 82
3 17
16 41
21 62
9 60
1 82
5 52
13 39
11 58
6 70
14 75
11 5
24 43
1 20
24 71
18 69
18 2
2 26
18 98
14 75
20 57
13 36
21 40
7 14
14 44
0 5
18 81
19 83
8 85
8 65
4 79
5 4
0 15
23 15
21 58
7 81
22 11
8 61
16 7
5 78
14 92
22 82
10 53
19 30
4 61
14 7
1 10
22 81
11 28
2 52
5 52
14 86
9 71
10 98
8 14
22 41
7 38
15 24
25 14
8 14
13 25
1 68
23 27
0 72
12 1
11 53
9 84
24 8
11 83
20 93
4 66
9 10
25 64
17 40
22 33
18 97
4 44
25 26
17 97
25 26
15 69
25 55
2 93
15 69
11 72
7 37
16 79
21 67
4 21
5 40
10 16
13 42
25 45
21 86
7 63
19 55
10 93
10 78
11 58
18 21
18 67
20 42
13 24
17 9
11 35
23 47
6 61
13 6
5 64
14 52
25 88
13 15
20 52
14 69
2 4
5 14
17 73
12 82
15 58
1 36
0 17
7 32
10 91
19 21
13 81
0 93
9 16
12 96
18 45
20 31
6 16
8 60
6 50
6 85
20 51
23 23
11 42
8 81
22 79
3 88
9 22
6 10
18 76
6 52
25 63
10 59
22 22
10 38
6 4
19 92
1 94
19 59
5 32
18 75
13 92
21 32
0 11
1 19
18 83
7 71
2 5
21 50
0 94
14 18
3 46
10 23
5 34
0 48
22 86
18 68
1 89
3 26
18 90
2 78
18 62
17 42
16 45
16 19
8 87
25 12
13 98
14 89
25 20
20 37
2 60
15 10
1 42
4 49
10 59
8 79
21 79
3 5
17 66
22 65
9 37
24 21
3 97
4 80
13 21
23 80
20 50
10 81
3 38
8 8
11 62
21 69
24 14
24 90
25 9
5 37
25 29
15 74
22 46
6 25
20 78
24 70
9 78
2 60
4 67
4 27
1 47
12 31
7 57
7 1
7 70
4 39
4 95
11 51
2 98
15 52
22 56
16 27
2 52
0 49
22 89
23 89
3 66
21 33
22 42
2 78
10 72
25 72
22 41
21 17
6 91
23 5
11 12
16 64
18 20
17 44
3 87
25 77
15 59
15 38
19 30
17 29
6 81
15 13
19 77
7 54
22 44
5 90
20 80
24 93
22 30
12 49
14 72
20 21
5 29
24 94
9 8
3 99
9 92
19 17
17 8
3 42
7 71
6 92
12 75
9 45
15 63
20 79
17 50
17 62
21 75
9 47
15 26
22 52
25 15
12 72
1 19
11 64
17 48
20 25
2 12
6 94
17 57
23 99
7 46
4 66
23 50
7 58
12 51
3 79
25 62
20 74
24 58
19 24
6 1
19 89
23 68
7 50
22 20
21 72
19 85
12 18
20 32
16 36
2 44
17 43
17 1
2 18
12 15
22 58
10 17
11 56
6 74
21 32
24 75
12 72
23 66
23 71
1 96
1 29
19 1
9 15
21 23
8 58
11 24
15 70
4 60
19 21
1 33
8 82
14 36
12 89
14 17
3 60
1 80
19 3
9 21
21 56
14 29
21 39
13 1
17 91
13 98
3 46
20 68
16 93
22 47
15 87
23 53
9 91
1 46
14 75
4 12
18 28
11 48
4 44
5 34
2 82
24 38
14 8
15 88
19 64
1 36
16 69
16 73
4 91
5 99
24 60
1 80
7 10
13 88
4 51
10 4
1 23
13 10
14 46
0 22
8 91
5 23
9 15
3 60
13 78
24 27
14 39
4 44
5 88
0 77
16 49
23 68
5 95
4 5
15 24
17 45
25 45
4 28
18 72
22 34
16 61
15 32
23 98
5 41
14 68
21 3
13 65
13 96
17 47
22 99
15 53
22 8
6 97
13 42
15 82
25 68
15 91
23 18
15 10
13 26
25 8
6 72
8 21
7 55
19 65
22 79
18 45
21 14
1 43
12 24
25 61
12 84
9 11
19 32
21 25
15 84
9 59
7 68
24 44
16 24
4 57
16 32
9 63
4 14
8 13
16 88
21 8
3 100
7 20
21 49
0 78
2 51
13 54
23 70
7 84
15 94
17 65
5 55
23 97
5 76
1 28
23 97
1 93
3 44
25 58
2 99
8 31
19 58
2 42
2 45
2 45
3 46
2 52
19 44
0 38
2 52
12 100
12 81
22 20
25 99
7 66
4 67
12 31
16 52
17 63
20 7
22 11
24 20
13 78
4 46
16 61
11 73
22 59
25 32
1 11
0 96
0 44
22 38
15 33
13 30
0 95
18 50
16 58
21 92
13 89
5 18
4 88
7 94
24 14
16 7
21 30
0 13
7 24
6 19
12 8
12 9
6 59
18 66
0 13
24 44
13 83
24 83
3 25
17 25
3 12
7 91
4 70
12 33
3 20
0 100
4 2
5 35
19 84
8 80
15 20
1 5
24 66
16 3
9 18
1 9
19 90
0 62
2 50
16 9
18 74
11 26
12 89
21 80
8 88
8 86
13 31
24 11
21 81
7 19
8 11
21 88
6 18
9 7
10 17
9 95
11 71
9 3
25 10
10 44
4 19
7 58
16 45
16 7
12 72
0 86
19 69
18 81
2 34
16 28
19 64
11 20
14 10
24 14
12 21
2 4
15 36
6 13
15 54
4 76
13 55
13 45
24 34
3 17
6 76
21 47
8 84
9 87
13 65
4 61
25 65
25 49
14 78
13 73
24 1
7 8
17 58
8 48
11 36
12 24
25 71
4 34
13 45
12 48
12 21
11 65
10 82
25 37
6 66
20 51
16 72
18 57
7 59
6 45
4 84
22 64
17 43
5 83
7 18
25 93
11 46
5 73
4 9
6 49
3 53
19 49
15 62
17 97
12 82
21 19
23 54
17 59
18 7
1 56
17 88
4 70
19 39
24 53
6 16
4 81
4 6
18 57
10 29
5 53
3 95
18 56
19 76
4 29
19 7
16 33
25 18
16 3
25 91
7 38
19 30
7 59
14 62
17 81
14 77
7 72
6 29
0 75
18 64
13 52
11 42
4 64
8 1
14 14
16 97
2 10
8 84
6 39
2 2
11 15
24 68
4 80
7 51
2 75
18 15
11 75
5 56
19 16
14 76
9 82
20 14
22 23
9 25
0 87
22 98
3 81
22 16
21 75
3 67
15 9
5 53
8 76
10 75
9 42
24 53
25 61
2 95
19 54
21 96
13 42
10 59
5 85
23 86
5 74
22 79
1 97
3 79
6 43
24 1
16 65
11 58
19 62
24 20
0 2
10 18
3 96
8 68
4 85
4 68
12 83
11 5
5 66
7 79
12 84
15 90
12 76
1 52
19 39
23 71
0 8
24 48
24 69
15 40
11 9
23 75
6 21
17 92
13 68
25 25
13 89
12 23
21 28
7 74
19 30
13 89
3 14
5 100
25 81
0 11
20 73
23 5
3 73
8 98
21 6
25 30
9 5
4 58
11 22
18 83
11 55
18 98
2 2
19 23
2 52
0 43
13 59
15 7
12 44
18 31
3 99
11 9
16 34
5 18
10 23
1 39
19 58
17 33
23 94
8 43
19 60
16 14
3 48
17 11
23 24
19 99
21 65
8 76
11 91
14 56
5 72
15 73
11 5
10 66
15 64
21 62
13 75
3 27
9 18
20 44
9 100
13 98
21 17
3 66
15 29
13 47
18 83
11 36
4 90
4 9
1 39
13 30
13 53
1 97
25 7
5 35
25 11
16 13
20 19
21 79
9 64
4 80
1 26
1 54
19 57
2 70
6 54
6 70
22 54
17 15
15 28
16 3
23 8
21 91
19 71
5 70
15 74
14 86
9 22
18 62
17 15
22 61
0 87
23 83
24 98
22 71
6 15
21 35
21 57
12 11
21 19
20 28
25 75
21 19
22 14
7 60
3 38
5 39
7 77
8 28
16 49
19 1
4 38
23 28
15 87
23 58
16 62
7 13
22 80
24 23
8 79
10 76
1 60
3 21
24 46
14 4
25 3
6 32
22 22
15 57
21 66
24 22
13 64
10 55
16 42
17 37
11 73
10 82
9 62
3 18
11 90
19 6
22 10
8 89
24 67
15 82
15 82
10 30
1 40
18 32
7 48
14 2
13 88
24 40
11 70
4 45
12 99
12 78
13 38
21 16
16 34
3 54
13 83
20 58
17 92
5 44
9 10
3 43
16 12
10 67
2 67
8 73
5 29
2 48
0 75
4 43
12 67
14 23
5 20
7 36
6 33
21 50
13 34
4 91
11 54
12 90
22 22
15 70
9 99
19 47
9 70
25 100
0 29
22 70
19 48
6 57
2 89
2 24
4 79
21 96
0 9
5 44
8 56
10 58
18 16
4 24
12 49
21 67
8 74
24 13
22 77
15 84
16 26
19 76
20 44
10 28
2 75
0 20
16 90
21 40
6 65
17 62
11 68
19 3
16 82
3 64
3 1
18 40
20 65
7 94
23 90
3 10
25 84
13 11
18 87
12 37
12 52
10 94
22 15
8 100
7 30
10 34
9 51
0 12
9 4
5 4
6 1
15 33
12 94
24 66
22 11
24 9
9 100
5 24
9 25
2 15
0 63
5 22
12 90
1 63
5 46
20 9
12 20
5 99
14 91
19 60
18 83
7 6
25 45
18 67
11 18
16 48
13 81
14 96
16 27
5 34
18 57
1 65
6 36
21 61
2 57
18 59
21 6
4 50
4 40
19 16
11 58
6 37
13 68
20 36
7 76
13 18
4 90
4 21
2 63
16 6
1 95
11 16
15 28
16 42
25 67
17 86
4 84
0 42
2 5
8 54
12 6
25 9
3 90
3 46
18 88
3 28
3 86
0 10
7 57
13 34
6 7
3 78
18 99
0 80
6 85
11 63
16 46
5 84
2 32
25 70
3 29
11 74
14 52
25 48
5 85
13 72
21 38
20 51
19 58
5 100
11 17
24 81
3 57
1 57
18 35
8 82
8 74
16 94
5 27
12 34
22 43
24 24
1 64
15 32
24 49
5 29
1 87
20 97
14 90
12 3
6 59
24 98
7 67
9 7
0 60
6 29
5 79
12 77
18 5
2 74
6 27
5 25
22 1
1 15
12 16
2 27
24 62
24 49
19 67
2 27
14 50
20 2
2 47
5 36
17 97
7 94
9 92
7 25
18 4
8 69
20 69
0 59
3 92
14 95
15 39
18 36
23 61
2 36
21 53
23 27
12 4
3 35
10 58
13 39
14 99
18 69
21 65
1 16
6 83
0 9
3 39
19 65
10 56
20 1
0 74
12 14
23 9
5 12
7 36
6 61
11 34
6 83
5 64
25 26
23 75
19 5
17 15
2 4
3 94
18 2
24 67
0 50
5 28
21 25
21 92
13 41
2 14
13 81
20 35
3 72
11 13
21 43
4 59
8 64
7 77
13 36
11 6
23 4
9 93
17 67
0 100
19 76
25 2
15 24
2 39
12 38
21 84
3 86
19 47
12 53
12 92
4 2
18 85
20 57
17 55
9 82
22 14
2 70
4 47
24 63
13 5
11 51
17 42
4 25
25 23
18 88
21 50
2 30
11 93
2 41
12 15
21 29
10 26
10 74
23 89
25 70
25 15
9 84
10 91
5 98
25 21
0 24
10 88
2 80
7 6
15 62
12 95
5 2
17 84
25 69
11 52
13 46
6 80
11 70
10 96
2 65
12 17
13 36
2 23
11 31
22 76
22 35
4 3
5 44
17 67
20 92
4 22
21 15
1 85
8 44
20 1
21 73
17 74
2 11
9 66
10 92
2 23
12 48
17 25
20 74
11 90
9 3
21 89
6 55
6 30
25 29
0 93
7 25
9 72
3 8
8 23
22 44
10 68
16 60
14 7
5 21
5 13
19 58
5 95
0 49
16 11
13 40
23 73
6 74
5 16
20 85
2 26
3 89
20 44
23 10
20 62
3 35
19 15
13 57
5 14
19 59
16 90
11 83
12 88
10 5
23 12
17 24
21 3
1 27
2 46
10 22
5 71
25 24
23 93
6 29
11 95
12 76
23 87
14 68
5 67
10 26
7 98
23 99
19 95
0 21
25 79
4 95
13 60
25 91
8 51
7 71
2 39
20 91
24 26
7 71
17 23
11 88
2 14
10 89
5 36
6 22
21 55
1 77
22 28
24 55
14 82
0 53
1 88
10 46
17 86
11 98
12 24
3 24
3 67
3 43
5 5
15 39
11 76
22 58
13 72
13 60
5 85
0 75
15 23
6 59
12 45
14 94
5 7
12 91
21 18
22 54
5 42
11 51
3 81
4 31
3 5
11 49
3 81
8 21
17 13
0 61
12 38
12 10
21 91
7 31
11 59
20 87
4 40
16 98
19 11
2 22
15 73
5 100
23 33
15 60
0 5
1 7
19 46
23 38
2 44
14 84
12 8
1 15
11 10
15 30
6 37
9 26
15 1
4 55
2 6
12 31
16 4
11 3
16 50
9 16
5 98
15 88
4 45
10 58
10 97
5 96
17 50
24 58
13 45
25 37
19 96
12 16
14 96
10 87
18 86
24 100
22 89
24 97
14 17
24 69
3 60
2 16
0 74
8 26
19 47
18 31
11 71
1 3
14 20
12 45
13 15
20 29
8 76
13 55
17 6
0 68
8 35
23 32
17 9
5 29
24 68
4 94
19 48
5 21
24 89
24 47
1 85
0 91
12 11
24 11
23 40
11 58
24 98
0 60
6 71
10 83
23 92
23 78
25 28
4 48
25 30
16 88
15 65
4 85
4 95
9 81
11 43
1 82
21 31
12 64
4 74
10 1
4 3
0 86
9 53
13 39
7 4
7 4
22 78
10 96
18 44
22 51
14 25
23 72
24 24
24 25
20 96
2 96
18 38
9 81
12 78
15 8
21 32
9 29
5 65
19 33
13 65
11 57
5 57
1 10
4 9
3 40
9 98
20 88
0 53
22 87
11 16
7 71
2 84
0 38
21 8
1 47
19 74
24 32
16 90
25 31
10 39
6 81
6 91
18 70
21 91
12 44
8 76
21 31
22 70
13 66
5 98
23 21
11 45
13 15
24 14
1 6
20 44
14 49
8 62
8 89
11 58
16 18
11 39
23 64
18 68
14 25
12 19
14 78
18 34
24 71
3 37
13 13
3 6
12 91
13 91
22 44
24 19
16 40
14 37
4 44
19 77
4 97
8 93
23 9
7 59
18 13
4 16
10 56
1 83
6 9
19 23
11 15
8 43
18 52
14 64
4 17
23 16
1 37
22 81
24 34
7 11
22 52
9 84
8 70
7 20
19 6
25 90
17 25
23 67
0 45
7 69
13 67
4 88
24 97
17 59
11 53
24 98
10 62
19 52
17 29
8 16
11 91
19 2
18 48
10 88
24 46
16 27
22 65
15 26
10 35
2 29
4 4
19 57
15 1
11 84
12 3
6 99
12 60
9 41
9 46
2 4
22 47
10 50
20 53
6 90
11 41
21 57
23 47
16 86
3 42
12 27
6 67
8 85
13 95
16 4
18 71
24 14
14 74
14 97
12 34
13 50
5 28
21 71
12 50
20 51
23 40
6 72
20 65
24 63
2 43
20 34
21 84
13 48
9 74
9 4
2 25
7 86
8 88
14 87
15 99
16 69
17 99
10 93
6 78
10 20
12 4
1 23
8 67
20 46
20 89
17 28
4 82
9 32
0 48
10 92
23 94
24 89
1 88
13 20
3 63
23 46
13 56
22 4
13 9
16 97
1 11
2 28
0 60
19 98
16 48
11 61
1 59
9 46
3 27
15 14
0 35
15 82
9 75
18 94
17 15
2 91
10 50
12 84
1 63
20 1
25 62
22 55
14 82
7 27
14 90
0 89
3 16
8 99
22 98
21 38
18 67
20 94
9 50
8 27
12 2
4 3
3 69
25 16
8 86
14 43
12 84
2 50
20 35
9 96
3 9
10 54
10 78
0 29
21 79
9 81
1 45
0 57
5 3
13 51
13 23
3 8
23 60
3 15
11 74
11 48
24 98
12 91
12 29
15 49
19 14
15 58
17 16
0 35
20 4
22 88
15 26
6 92
12 45
6 36
20 63
17 81
24 37
15 30
24 8
10 53
19 57
16 31
7 69
15 24
20 100
4 95
24 28
25 35
6 37
1 66
20 91
13 78
3 23
1 22
14 8
4 62
24 90
8 33
21 18
7 51
8 70
5 36
17 14
11 93
3 27
2 51
10 62
19 12
24 19
13 54
25 9
8 66
16 22
0 68
17 84
3 75
3 60
7 74
1 54
21 17
0 29
7 65
9 22
10 35
2 8
13 27
25 21
20 46
15 60
8 71
23 62
23 41
20 86
2 13
18 16
3 60
7 65
4 77
5 4
23 97
10 62
14 16
6 69
1 52
9 92
24 53
21 60
16 12
1 11
11 28
21 53
18 25
23 54
17 41
11 21
24 9
0 46
11 3
16 99
24 59
23 41
18 11
6 91
25 28
21 1
5 61
22 89
4 45
8 87
16 47
2 5
5 45
21 38
5 67
7 22
11 6
6 36
0 75
24 57
0 60
14 91
22 74
25 50
0 45
22 29
18 75
3 34
15 42
10 12
19 51
10 7
2 89
5 70
23 76
14 91
9 71
22 29
17 6
21 17
18 28
10 30
13 30
17 86
24 3
18 24
21 89
18 68
22 35
19 44
1 66
4 35
12 29
9 71
17 82
4 12
25 32
7 66
22 39
5 83
0 23
4 44
5 80
6 93
18 1
17 16
25 20
12 62
1 42
10 66
7 53
16 31
0 93
17 23
15 80
19 93
1 67
25 44
16 97
11 17
21 11
22 10
23 22
0 84
16 8
15 85
10 42
14 53
14 49
19 48
13 51
23 27
16 24
3 65
12 27
2 46
1 8
17 49
2 1
10 87
9 76
22 34
14 76
1 83
14 58
20 53
18 58
10 38
0 90
4 53
18 68
19 91
18 68
9 55
22 16
25 80
25 44
19 48
3 26
10 18
17 90
25 28
13 40
17 88
11 41
20 69
7 68
14 31
23 50
16 19
2 7
16 49
15 30
2 17
18 57
11 26
15 27
12 27
24 27
2 2
13 20
4 93
17 77
16 94
15 73
19 100
23 63
21 59
0 89
14 39
7 59
20 52
17 28
13 86
8 31
24 70
19 31
8 88
19 83
20 72
0 8
15 6
11 54
23 22
3 31
22 21
5 64
24 39
19 5
14 71
18 36
6 80
6 26
15 83
18 31
21 9
22 91
24 81
15 45
8 75
9 54
14 31
18 100
16 47
11 86
18 63
21 81
3 36
3 29
16 95
18 51
9 29
23 64
21 8
18 82
20 46
7 16
3 19
0 56
17 13
19 93
1 82
2 95
18 39
9 9
10 72
20 24
13 1
16 22
17 17
10 10
3 99
2 44
3 18
1 56
4 78
6 92
23 74
13 73
12 27
8 57
8 73
6 36
1 52
15 77
6 91
6 13
24 93
3 45
14 78
0 49
17 66
4 21
25 23
25 79
11 12
16 89
4 81
8 29
3 18
4 79
21 28
6 66
23 74
12 73
7 4
20 83
15 84
11 47
9 74
10 17
0 76
21 77
0 39
10 50
21 38
25 81
10 31
4 50
7 38
13 27
7 100
19 80
19 44
25 59
24 14
24 65
13 60
13 76
4 27
25 69
11 88
17 81
22 88
22 37
15 4
9 74
12 84
6 57
23 28
18 43
10 94
19 93
20 23
14 41
18 83
7 65
15 14
13 21
7 40
15 49
5 29
14 65
8 75
24 75
15 92
2 61
7 41
10 44
20 64
1 76
3 29
2 31
6 31
0 27
1 60
7 30
3 38
22 38
5 33
12 59
2 28
1 7
21 24
25 24
20 14
1 70
14 84
1 58
4 41
21 76
20 11
12 9
15 53
2 56
13 21
11 66
10 71
24 2
12 13
23 39
15 48
4 77
16 89
3 100
0 93
4 20
2 8
8 24
2 72
11 32
20 72
9 6
16 93
0 39
14 71
15 82
6 39
9 87
17 15
12 46
15 8
6 44
20 14
24 3
18 4
19 52
1 72
19 26
1 71
7 33
2 45
16 88
19 38
25 60
19 99
23 63
6 40
1 17
20 6
11 1
17 26
14 61
19 24
11 85
14 69
19 67
11 100
23 88
23 69
15 44
20 79
22 84
21 3
8 28
25 25
3 13
6 36
11 68
17 79
18 80
22 40
19 19
9 57
18 8
21 73
8 60
15 19
24 76
3 53
25 90
18 2
17 51
17 92
25 94
5 75
7 22
15 91
7 76
2 16
9 78
14 97
20 21
2 99
3 12
22 91
15 15
14 84
19 99
21 83
6 91
14 58
9 75
9 81
2 34
12 13
11 17
25 47
5 60
2 41
18 6
10 35
4 10
0 98
3 9
16 17
2 61
3 6
25 80
11 17
20 31
25 84
10 4
14 69
5 74
18 33
9 11
0 72
20 8
8 98
24 4
1 53
20 38
3 33
5 35
14 12
0 12
9 4
8 55
8 74
9 40
4 51
24 81
16 84
25 53
21 99
1 64
15 100
5 62
7 95
22 58
24 78
19 26
21 30
0 71
20 5
14 33
3 69
8 11
22 30
7 43
18 81
3 96
7 90
3 8
4 92
2 45
15 66
2 61
20 46
7 70
16 92
0 62
9 92
25 10
2 83
25 85
12 3
7 78
20 91
17 6
7 32
15 17
17 51
1 95
18 92
21 12
8 35
20 21
11 70
16 71
15 35
20 17
22 62
12 93
4 2
20 98
0 87
19 31
13 72
10 93
25 32
16 35
23 55
25 78
16 60
20 38
8 78
11 47
22 99
4 52
8 90
23 61
25 62
16 96
10 59
1 90
23 99
19 8
12 95
10 50
21 38
8 34
11 35
12 100
25 97
20 65
12 63
9 87
14 84
20 50
25 89
0 64
19 48
14 51
17 20
16 38
7 46
1 27
13 81
10 83
3 92
8 44
20 73
12 21
6 4
15 26
3 86
19 7
0 51
16 65
2 89
20 12
8 77
4 97
20 11
24 85
11 47
16 93
12 57
13 40
21 13
6 49
13 95
21 88
18 17
18 44
21 45
24 87
7 44
0 1
18 95
17 45
0 31
25 80
19 33
0 37
21 88
18 72
17 97
24 1
13 86
25 71
20 6
24 70
23 25
13 33
9 67
23 94
19 86
3 90
7 12
16 78
2 45
15 33
5 65
24 62
20 19
24 29
13 29
20 13
16 46
5 23
8 4
13 74
25 98
19 31
19 61
2 40
8 65
18 5
1 26
4 18
22 91
16 4
15 35
16 98
18 41
16 79
3 26
2 91
14 32
4 79
21 32
18 47
22 9
10 49
5 44
5 98
10 60
17 47
7 67
21 35
25 40
8 95
11 87
13 29
11 95
13 9
8 24
19 75
14 74
25 10
10 15
23 72
6 34
7 12
0 67
16 1
1 97
25 49
8 77
14 100
5 57
16 23
25 31
21 34
25 56
21 39
15 58
15 99
8 59
19 71
18 55
15 17
24 42
12 65
2 85
15 58
14 77
24 47
11 74
20 41
10 33
22 17
22 84
13 24
24 24
8 68
25 43
9 69
19 71
23 2
2 33
20 15
0 12
9 3
19 52
7 5
21 91
15 66
6 100
19 10
23 39
23 46
22 37
9 71
6 83
13 69
7 75
0 73
0 1
21 61
5 26
2 50
12 50
5 77
7 80
3 53
23 17
16 15
20 26
12 54
20 50
11 21
24 29
13 10
5 43
2 90
13 13
16 5
15 1
24 17
6 13
11 96
20 24
14 15
21 79
6 63
6 57
11 67
0 99
16 68
14 63
1 4
5 39
13 80
4 9
11 60
20 75
3 52
25 100
2 59
7 63
14 20
18 45
22 66
9 23
2 27
6 89
9 61
20 86
6 33
2 73
12 11
5 51
4 40
11 15
19 66
15 60
11 83
24 62
18 61
2 64
24 30
20 99
21 13
11 6
10 35
23 10
24 6
17 33
2 1
11 55
3 34
14 32
6 82
17 24
12 96
19 65
4 75
3 79
9 76
9 3
17 72
10 93
17 99
10 22
18 29
21 80
15 61
11 47
13 15
5 88
12 90
4 53
4 53
11 48
9 54
2 57
17 100
23 82
24 78
1 91
22 9
18 81
6 75
18 86
12 97
25 33
6 46
3 49
25 43
22 90
12 81
14 54
23 17
4 71
2 23
20 87
23 48
3 79
6 39
15 20
16 35
13 43
19 97
22 51
9 79
9 10
14 100
5 53
19 73
7 98
19 42
14 72
13 25
9 12
4 64
23 7
17 97
23 72
4 99
4 1
14 71
2 33
22 90
18 95
11 52
6 41
22 78
6 60
12 85
22 71
11 84
0 1
16 37
23 74
4 55
18 18
13 37
14 95
4 5
21 35
21 19
3 47
6 75
25 30
10 71
0 100
10 69
23 83
12 24
18 94
22 8
0 2
9 23
1 65
11 92
17 11
12 30
6 94
6 6
5 49
12 25
15 6
19 24
14 85
24 79
3 4
9 77
2 23
11 40
22 23
17 36
22 4
8 13
2 55
3 30
15 71
16 53
9 50
16 83
3 79
4 25
5 29
5 11
10 16
10 77
11 82
7 26
5 17
9 80
4 62
1 20
21 5
9 83
1 90
5 100
12 33
14 46
8 23
13 41
4 80
9 30
8 76
3 65
